0 -4 -8 -12 -16 -20 -24 -28 -32 -36 -40 -44 -48 -52 -56 -60 -64 -68 -72 -76 -80 -84 -88 -92 -96 -100 -104 -108 -112 -116 -120 -124
-4 5 1 -3 -7 -11 -15 -19 -23 -27 -31 -35 -39 -43 -47 -51 -55 -59 -63 -67 -71 -75 -79 -83 -87 -91 -95 -99 -103 -107 -111 -115
-8 1 6 2 -2 -6 -10 -14 -18 -22 -26 -30 -31 -35 -39 -43 -47 -51 -55 -59 -63 -67 -71 -75 -79 -83 -87 -91 -95 -99 -103 -107
-12 -3 2 6 2 -2 -6 -10 -14 -18 -22 -26 -29 -32 -36 -40 -42 -46 -50 -54 -58 -62 -62 -66 -70 -74 -78 -82 -86 -90 -94 -98
-16 -7 1 6 6 2 -2 -6 -10 -14 -18 -22 -25 -29 -33 -37 -39 -43 -47 -50 -54 -58 -62 -61 -65 -69 -73 -77 -81 -85 -89 -93
-20 -11 -3 2 10 10 6 2 -2 -6 -10 -14 -18 -22 -26 -30 -34 -38 -42 -46 -50 -54 -58 -62 -62 -62 -66 -70 -74 -78 -82 -86
-24 -15 -7 -2 6 11 14 10 6 2 -2 -6 -10 -14 -18 -22 -26 -30 -34 -38 -42 -46 -50 -54 -58 -60 -64 -68 -72 -76 -80 -84
-28 -19 -11 -6 2 7 10 19 15 11 7 3 -1 -5 -9 -13 -17 -21 -25 -29 -33 -37 -41 -45 -49 -53 -55 -59 -63 -67 -71 -75
-32 -23 -15 -10 -2 3 6 15 25 21 17 13 9 5 1 -3 -7 -11 -15 -19 -23 -27 -31 -35 -39 -43 -47 -51 -53 -57 -61 -65
-36 -27 -19 -14 -6 -1 2 11 21 23 19 15 12 8 4 0 -4 -8 -12 -16 -20 -24 -28 -32 -36 -40 -44 -48 -52 -54 -58 -62
-40 -31 -23 -18 -10 -5 -2 7 17 27 23 19 15 11 7 3 0 -4 -8 -6 -10 -14 -18 -22 -26 -30 -34 -38 -42 -46 -50 -54
-44 -35 -27 -22 -14 -9 -1 3 13 23 28 27 23 19 15 11 7 3 -1 -5 -8 -12 -15 -19 -23 -24 -28 -32 -36 -40 -44 -48
-48 -39 -31 -26 -18 -13 -5 -1 9 19 24 24 27 23 19 15 11 7 3 5 1 -3 -7 -11 -15 -19 -23 -27 -31 -35 -39 -43
-52 -43 -35 -30 -22 -17 -9 -5 5 15 20 22 23 32 28 24 20 16 12 8 6 2 -2 -6 -10 -14 -18 -22 -26 -30 -34 -38
-56 -47 -39 -34 -26 -21 -13 -8 1 11 16 18 22 28 37 33 29 25 21 17 13 9 5 1 -3 -7 -11 -15 -19 -23 -27 -31
-60 -51 -43 -38 -30 -25 -17 -12 -3 7 12 20 18 24 33 41 37 33 29 25 21 17 13 9 5 1 -3 -7 -11 -15 -19 -23
-64 -55 -47 -42 -34 -29 -21 -16 -7 3 8 16 24 20 29 37 45 41 37 33 29 25 21 17 13 9 5 1 -3 -7 -11 -15
-68 -59 -51 -46 -38 -33 -25 -19 -11 -1 4 12 20 22 25 33 41 51 47 43 39 35 31 27 23 19 15 11 7 3 -1 -5
-72 -63 -55 -50 -42 -37 -29 -23 -15 -5 0 8 16 18 21 29 37 47 57 53 49 45 41 37 33 29 25 21 17 13 9 5
-76 -67 -59 -54 -46 -41 -33 -27 -19 -9 -4 4 12 14 17 25 33 43 53 63 59 55 51 47 43 39 35 31 27 23 19 15
