868
350
876
378
408
342
448
374
316
154
368
498
294
1966
582
490
154
448
118
2292
774
98
528
556
736
328
586
410
322
5158
222
364
1212
398
142
554
368
1292
824
858
628
1562
302
326
352
2290
416
330
828
572
176
1460
956
1314
786
524
396
838
424
338
250
412
96
156
728
416
160
456
118
992
282
420
952
352
22
824
430
536
412
812
378
1016
324
604
566
588
184
656
308
1052
344
202
392
482
386
420
354
498
610
290
548
1394
1252
938
2304
518
306
136
692
1870
190
814
294
414
146
50
324
550
414
62
810
238
494
434
508
342
1094
846
442
820
96
384
1996
454
378
824
458
1406
86
386
724
308
224
866
500
714
992
204
504
1280
334
170
1262
566
164
334
328
884
336
614
704
2398
50
1512
654
1574
266
326
100
590
514
94
1002
1300
176
180
1374
992
778
1160
304
236
372
204
420
850
1090
476
396
738
678
344
614
494
200
146
256
828
388
228
858
452
230
1418
1048
828
1226
674
926
774
816
1716
352
626
468
450
312
434
464
518
268
360
1740
404
380
164
3622
412
292
548
1378
568
716
370
280
358
152
380
282
574
166
428
2108
1532
276
516
418
546
336
856
328
212
284
330
552
20
248
398
612
342
234
634
1288
548
376
292
424
244
2574
382
648
1692
678
38
832
722
646
844
360
446
280
356
512
884
896
1110
136
1194
74
370
344
370
734
204
156
274
124
208
740
256
644
522
1544
546
530
642
484
632
1828
1018
930
514
490
376
326
668
676
834
328
270
518
114
616
278
266
1144
452
888
584
230
128
794
286
902
328
386
96
570
204
424
322
146
436
2820
270
524
218
1000
192
372
112
500
126
206
844
424
1584
60
5872
2104
1530
384
782
430
248
588
828
354
876
1986
226
364
460
210
1140
748
304
110
296
328
618
166
38
1014
944
566
680
988
572
858
396
1116
2166
326
546
322
978
614
3404
286
260
722
772
298
398
592
1086
312
3388
148
396
440
224
426
100
568
130
674
1386
166
262
592
442
966
174
890
226
316
996
644
360
1214
1376
406
84
164
460
288
176
734
750
370
1044
604
1380
82
368
194
166
270
404
506
512
94
496
712
544
372
138
1328
170
208
262
260
138
1022
346
244
852
324
76
98
106
152
966
46
56
186
6
118
518
246
264
230
82
200
112
336
1292
140
196
548
228
148
266
386
386
134
166
516
1070
740
390
2332
1006
208
1880
974
1722
212
732
12
214
648
290
198
162
204
750
234
978
662
1664
1278
1090
916
22
696
914
724
392
1152
128
1268
358
924
764
442
906
160
464
278
868
120
1956
236
922
770
176
1728
700
2886
888
1200
844
926
886
544
804
654
932
476
674
180
392
1726
648
366
1924
80
464
2010
712
794
1296
740
2002
772
704
870
300
348
268
1100
3366
822
522
1232
140
358
882
770
2240
600
790
952
786
536
1004
768
944
556
358
680
552
640
1158
78
292
2012
924
444
712
338
1256
152
266
102
158
120
758
196
238
1316
358
776
622
120
104
196
746
1370
276
78
164
468
356
2354
646
1042
544
580
942
686
194
1008
284
434
384
1188
580
714
934
614
960
404
230
234
980
582
350
894
598
120
626
914
1616
106
924
1398
118
1706
178
78
418
366
436
980
1046
950
682
188
122
182
42
656
546
924
342
798
248
928
1150
1918
396
158
578
1302
422
1016
1544
954
1800
704
622
426
536
1136
2168
812
1490
900
386
78
1124
986
508
160
982
888
358
248
774
984
748
1500
916
924
920
374
154
2236
388
256
1468
482
932
102
130
784
658
180
614
1826
128
238
534
172
742
916
906
934
634
1224
844
530
358
1432
514
2816
474
246
174
922
10
1442
1186
338
738
116
72
176
728
1140
592
124
1032
928
178
1160
112
420
194
322
534
758
422
966
674
450
762
170
518
628
616
710
138
960
1012
894
2416
242
628
1308
2246
1720
140
886
5618
950
370
274
388
746
1562
706
360
2724
352
160
894
866
906
558
112
440
116
1346
760
212
138
884
722
1744
616
1842
558
816
124
312
766
396
622
362
616
152
898
462
1304
938
224
138
168
682
100
446
270
168
170
648
150
290
302
188
312
1506
342
170
360
296
734
320
266
524
132
102
238
608
258
334
200
226
190
312
206
246
466
136
158
240
198
172
396
186
170
298
182
168
278
306
364
146
370
356
264
276
272
170
914
192
308
482
192
294
186
188
240
184
362
114
296
174
186
6
238
172
254
146
276
228
374
188
152
56
204
432
76
28
316
194
360
220
170
266
30
204
338
66
608
360
864
446
182
396
564
384
540
364
410
210
376
82
432
540
10
104
150
242
162
348
72
230
332
196
32
96
50
170
114
60
104
244
20
264
40
120
1578
98
14
142
52
6
122
138
738
48
462
568
644
180
332
300
234
1066
318
280
448
336
312
868
252
256
238
306
404
296
492
698
1084
164
226
138
122
116
364
116
414
1384
2010
158
24
116
688
130
284
286
220
314
272
134
578
504
586
266
1326
2146
62
462
544
120
190
792
184
112
688
144
600
248
22
32
380
70
164
30
362
210
238
3104
1562
186
156
2424
152
530
570
240
1138
296
1346
2010
40
2658
422
960
50
290
114
2006
188
980
2604
58
1130
204
576
818
862
1106
94
18
226
472
308
278
450
1774
52
160
40
1114
126
2192
368
480
3536
130
90
154
160
692
574
138
1226
378
720
176
294
136
144
80
668
836
970
334
934
588
60
986
316
116
114
182
372
276
856
564
858
436
86
684
720
600
794
100
326
34
202
102
168
108
450
702
60
350
130
1206
706
322
164
228
102
52
136
70
346
112
364
496
156
332
256
82
90
214
204
498
888
24
26
42
138
188
144
112
1036
620
598
14
56
90
202
442
114
98
176
838
232
130
298
122
14
2152
210
74
32
284
136
180
854
118
50
124
104
70
466
240
826
164
884
284
160
662
52
104
166
144
150
118
702
1960
46
124
100
146
568
236
394
344
124
424
114
56
66
484
82
1088
478
692
46
58
626
60
228
164
758
286
62
504
572
1000
88
168
868
66
322
136
384
536
926
100
154
732
238
148
278
140
306
258
122
748
326
28
428
212
342
348
68
384
20
926
152
170
816
266
1148
400
124
770
386
48
184
112
310
98
254
272
358
318
388
142
74
212
174
136
18
116
878
958
250
90
2718
1938
328
84
394
1198
98
1378
340
128
1032
212
142
368
468
1704
1650
254
826
30
104
220
1638
1876
64
136
86
172
128
150
144
272
410
328
218
376
1262
196
368
120
300
370
798
406
154
358
304
820
214
388
928
264
350
1254
114
318
1998
288
326
80
1224
218
380
1312
176
298
380
254
486
768
1694
374
74
904
1806
1910
218
1114
84
1882
384
330
1630
958
970
888
462
522
412
336
886
312
258
308
1758
1868
1618
710
126
282
2038
1816
448
396
2494
236
282
1530
48
1952
446
594
222
406
110
84
356
288
1672
270
270
436
2096
954
972
910
882
1136
1822
696
298
2180
866
204
478
404
746
680
334
622
406
132
1004
304
196
514
164
1040
306
2164
416
538
1196
346
30
966
2006
730
232
494
366
234
1886
256
288
338
554
632
496
16
1072
944
110
76
252
288
174
30
550
64
102
378
322
56
984
60
606
262
78
188
222
10
398
170
294
74
64
106
492
118
1622
96
108
262
684
92
412
378
200
62
340
92
468
108
240
402
706
470
450
548
700
476
378
360
414
380
278
294
432
240
578
222
300
1124
442
136
414
408
706
366
534
500
1022
206
368
476
30
216
118
250
1038
406
466
150
246
448
328
354
390
302
316
288
112
92
248
314
148
234
232
280
190
440
470
446
236
570
304
1560
108
634
300
92
666
228
174
230
774
260
452
448
176
194
386
910
338
1044
356
598
256
322
156
340
1156
344
464
412
166
108
470
494
164
224
306
80
448
378
142
252
82
198
210
406
188
768
258
922
116
298
796
48
358
608
244
160
630
414
460
722
566
548
652
540
364
308
882
694
80
904
988
208
296
230
372
400
412
254
472
392
580
814
308
478
464
678
334
380
1016
260
1352
482
244
302
580
518
140
972
370
242
282
654
488
1028
166
290
136
546
848
236
366
210
266
138
482
382
166
292
94
582
1072
120
770
66
826
870
462
482
684
1788
170
100
24
802
170
40
148
22
164
832
64
842
98
246
72
596
244
242
518
1048
96
20
342
768
190
280
104
256
1744
206
332
682
806
92
1880
286
318
198
52
152
184
142
418
208
350
92
556
490
114
48
94
244
352
424
198
112
262
380
128
144
144
1574
536
80
556
632
46
460
710
104
260
1494
204
232
54
648
1752
90
38
694
432
162
96
178
198
716
92
202
116
972
132
46
424
622
756
318
588
718
358
104
198
560
1068
306
986
30
360
188
372
484
1330
774
302
286
298
296
454
342
866
610
210
60
160
446
244
176
120
266
520
154
220
440
224
54
470
802
410
132
98
190
922
442
1108
100
28
280
720
276
414
380
130
444
586
1990
38
394
528
204
956
496
434
566
100
160
816
464
288
416
206
532
216
196
230
662
686
770
358
100
314
100
126
96
1388
324
326
312
208
1194
856
108
316
326
58
150
566
606
658
152
3340
702
316
114
136
114
860
1192
560
330
600
122
648
494
78
858
118
1006
44
3510
58
78
272
80
172
114
80
118
2866
94
1006
1236
790
64
564
386
682
796
282
60
236
484
194
64
130
92
88
154
82
148
96
82
200
250
776
334
154
398
220
258
130
208
150
132
470
260
1274
390
204
118
414
80
326
92
154
154
342
214
292
172
104
256
182
300
82
208
336
98
130
604
1734
58
162
146
248
176
366
284
206
168
98
84
144
64
98
158
140
104
120
224
300
114
188
172
120
164
78
148
48
178
136
88
150
114
490
134
68
202
166
96
134
326
42
150
28
64
498
188
148
126
158
282
874
406
300
436
810
104
1118
82
48
878
1630
298
124
294
60
904
176
472
708
436
178
252
206
424
106
226
1208
1106
162
856
632
1284
554
366
164
1080
98
922
536
510
306
432
396
106
524
1180
660
170
428
616
1004
60
180
350
8
90
314
368
278
316
390
266
298
40
274
592
130
106
270
356
312
446
268
134
362
320
256
168
128
414
58
368
322
174
250
568
102
864
114
380
362
72
158
44
248
178
96
232
498
142
364
132
206
284
850
38
190
146
74
688
228
998
182
960
44
206
836
396
232
90
448
988
668
196
538
310
102
88
338
364
824
284
466
354
54
250
890
494
958
324
800
232
362
110
258
260
560
170
102
1736
1084
474
188
302
158
150
78
290
498
448
912
160
584
154
672
328
154
126
254
270
780
902
40
120
196
778
34
66
312
370
296
186
234
682
772
268
134
312
66
200
810
168
196
1744
92
110
160
1520
168
228
130
162
664
156
912
234
124
268
648
182
58
1132
488
276
454
80
84
318
348
360
168
90
312
770
346
228
424
226
48
186
358
186
218
554
254
474
608
184
310
48
82
496
44
40
486
1880
380
224
1032
104
122
390
168
82
94
304
96
840
658
388
186
788
142
338
104
42
530
602
442
320
576
42
82
110
370
294
1190
1280
194
158
182
44
118
304
906
864
120
130
264
256
22
526
638
98
294
826
362
1412
100
90
206
588
554
276
184
346
480
818
82
366
28
228
150
300
302
328
418
152
570
44
80
336
334
134
182
106
706
182
350
80
64
186
184
658
138
244
326
548
788
294
276
52
406
264
148
204
436
158
546
306
24
230
386
1020
72
92
238
166
294
38
446
132
36
136
98
1022
302
38
162
88
136
182
296
136
220
80
1180
360
414
452
950
304
260
72
662
242
242
134
414
258
128
296
182
232
730
96
374
140
182
108
194
198
180
582
222
312
396
404
304
1042
1036
824
296
22
572
606
266
466
1218
162
198
2168
672
42
814
270
286
340
664
684
70
538
660
788
190
730
512
310
1668
464
330
1500
434
650
858
266
650
398
466
1158
1354
46
138
194
220
328
128
794
216
846
116
428
148
642
1108
240
1436
814
220
110
1240
638
1126
356
1198
1130
2940
1478
248
200
426
188
1408
530
340
294
136
914
762
710
672
648
278
492
160
236
134
144
156
330
532
238
410
458
1046
172
636
1158
228
342
368
1482
638
246
56
102
1050
48
298
546
844
608
408
326
198
248
68
598
58
156
622
276
214
76
102
146
522
18
118
14
172
326
72
52
200
374
78
80
90
252
48
116
64
552
332
22
50
3634
52
114
240
84
138
798
6
166
204
444
122
196
124
178
248
134
974
266
476
228
314
360
308
160
272
152
278
296
310
366
178
1786
78
186
156
1122
756
408
12
196
72
2242
216
154
66
758
48
304
964
16
108
190
110
66
120
58
356
46
804
570
216
180
114
280
232
394
260
108
36
314
1114
114
142
56
206
200
88
92
234
152
248
150
472
252
278
72
282
260
82
214
348
204
222
490
382
46
400
226
350
178
372
226
182
150
48
226
150
190
158
412
200
148
74
896
14
150
12
70
126
8
50
116
836
138
88
1280
80
102
1070
154
32
186
762
14
98
594
432
278
308
132
268
98
266
42
212
148
1252
164
142
128
400
544
422
78
1222
1450
354
222
480
138
78
610
132
10
194
338
84
128
1332
376
714
178
22
538
336
2
100
66
334
16
276
484
760
94
212
354
94
6
2
338
494
218
28
252
288
172
2
4
854
60
16
1100
194
248
52
162
48
292
246
254
130
340
370
66
258
30
80
220
126
944
152
432
278
242
72
882
236
330
520
610
182
170
236
130
182
206
582
566
82
902
746
622
342
770
1488
66
1358
828
678
1154
76
710
68
438
1120
1274
492
802
112
84
1778
176
160
422
1562
128
866
354
1490
878
1036
1026
126
1042
74
164
846
910
904
246
592
294
1246
1128
244
678
1416
798
1454
800
1152
966
164
186
452
172
918
936
1120
596
928
368
564
2028
788
522
436
1432
1344
74
344
286
1514
862
174
888
78
256
1116
358
1256
1180
944
14
1084
314
1026
70
66
1754
88
406
1288
1314
414
256
280
714
1212
302
736
1156
314
726
1056
810
784
1152
326
958
1238
262
1878
466
1316
466
1612
860
722
542
1086
730
816
1080
114
1768
686
756
82
1428
1244
1332
284
216
164
198
394
154
140
66
350
244
198
222
176
202
118
86
116
362
242
416
420
98
298
420
86
356
110
56
184
264
658
344
352
242
242
62
560
122
358
294
626
262
134
434
212
136
312
384
112
190
276
198
792
106
386
218
106
626
132
112
164
524
344
134
170
202
170
108
112
196
48
292
580
126
176
172
416
362
344
94
710
152
200
150
126
312
110
172
262
164
418
126
248
72
124
476
276
236
164
324
206
186
158
192
16
30
36
48
30
66
98
150
786
350
430
666
74
1968
354
112
142
56
282
2350
64
16
156
240
56
150
324
188
50
340
332
214
136
736
222
426
344
66
858
746
872
970
30
52
50
166
128
412
454
222
168
136
112
182
38
180
226
162
94
1180
204
304
186
1240
8
90
76
144
448
16
86
150
408
100
182
184
140
250
330
34
100
362
528
90
378
38
440
1530
78
18
24
38
10
48
766
70
1416
112
44
16
106
10
620
350
498
392
622
246
50
764
220
548
46
32
474
20
296
616
168
84
126
102
94
76
104
18
86
850
240
156
112
1010
98
18
204
438
1196
22
48
38
910
1344
124
18
296
1058
46
42
150
40
64
40
32
174
30
470
32
14
66
268
44
234
512
280
116
58
510
106
576
102
732
130
182
652
280
392
100
176
420
268
94
376
1058
704
50
834
152
494
782
596
74
356
682
942
782
538
674
116
282
70
336
84
18
304
166
554
44
160
268
830
56
192
524
380
218
554
568
128
42
508
160
136
158
98
52
378
354
128
172
98
310
392
64
250
282
316
194
56
266
496
296
280
24
210
588
48
666
574
226
98
514
502
94
238
192
948
634
390
1196
210
320
64
228
26
128
688
238
270
48
62
124
412
226
164
310
332
206
74
874
8
1262
128
148
200
96
20
452
30
54
22
400
146
132
358
90
432
378
18
22
26
30
58
22
14
568
42
118
40
26
26
308
294
296
450
40
276
1320
142
160
214
154
268
196
262
78
280
430
112
1606
98
504
142
148
182
730
464
544
40
34
112
158
722
506
16
224
1082
376
220
50
242
476
72
270
150
92
16
58
524
266
988
26
348
76
36
116
816
516
766
296
304
132
120
136
236
238
700
60
408
84
402
56
294
508
174
92
50
44
42
52
100
146
46
170
448
126
160
10
86
168
462
170
32
70
398
90
94
12
116
156
1090
56
100
66
184
164
146
52
140
146
144
100
28
24
238
114
116
4
38
20
146
22
102
392
70
12
18
388
100
286
76
82
56
44
72
34
238
148
398
106
142
860
174
36
44
122
32
70
170
768
284
18
84
92
136
160
344
338
72
102
60
460
288
14
62
394
200
114
98
52
146
188
184
638
412
282
90
20
130
220
74
144
210
236
534
200
720
64
878
30
24
44
322
124
90
48
744
82
248
184
8
50
450
76
32
72
12
336
14
1202
844
130
232
40
44
70
74
142
42
136
212
306
262
158
134
222
268
46
48
264
118
110
28
352
52
148
1276
520
306
94
794
2368
660
324
192
784
1264
944
626
294
322
198
310
322
418
354
310
392
336
340
316
288
284
1018
310
328
1070
404
234
410
332
1386
366
148
120
414
216
778
334
220
248
320
148
328
614
818
576
128
410
826
320
336
318
392
304
346
434
338
312
392
312
358
346
330
306
322
366
310
532
166
88
310
524
290
316
340
330
420
394
452
414
308
312
310
310
300
336
224
454
422
884
952
320
140
502
130
288
1940
596
378
232
72
188
346
318
328
350
52
878
750
498
1142
326
320
478
366
334
100
280
334
122
468
384
516
398
308
400
698
776
234
314
308
348
178
316
268
262
264
424
270
310
412
260
728
368
82
154
368
344
558
318
318
372
592
314
482
522
440
284
294
760
362
172
276
424
136
436
1724
236
66
278
510
122
334
2750
122
1832
286
338
738
158
524
310
496
416
332
312
338
320
446
278
894
142
372
436
140
332
134
60
212
490
404
70
292
332
328
256
322
400
780
552
150
394
340
108
312
494
134
180
680
294
272
460
400
388
318
402
514
340
294
126
378
308
504
230
202
430
1298
322
1092
120
378
1030
416
160
108
312
356
348
170
366
314
324
752
190
322
318
312
200
256
2750
342
580
346
114
198
324
950
88
436
318
278
500
128
184
156
316
322
644
234
310
350
882
588
308
616
310
450
330
340
346
402
344
314
308
294
126
364
138
92
274
282
80
336
420
616
166
104
406
1418
672
414
140
326
600
320
422
308
518
308
326
380
368
336
200
166
326
342
382
662
382
200
104
1888
538
390
342
374
180
308
300
182
310
372
378
576
1154
234
312
408
322
464
140
390
310
236
494
752
350
360
662
752
98
186
1116
62
70
292
248
336
340
34
330
78
166
472
32
46
1264
438
1370
408
1080
192
762
1216
180
338
334
326
16
280
156
706
342
166
42
14
312
334
348
214
306
210
394
498
458
278
192
86
184
668
122
272
888
100
268
910
648
896
390
344
268
524
680
282
368
654
266
280
296
272
1028
338
88
170
386
338
806
304
110
666
796
228
178
874
502
132
196
300
126
752
180
572
96
260
104
64
80
94
670
364
332
72
506
348
404
646
152
562
588
450
862
206
512
280
582
90
746
432
808
200
346
64
550
116
452
304
556
448
1044
396
1172
562
512
330
1374
894
192
1192
174
6
190
256
466
494
564
1400
84
1150
164
470
880
402
332
386
428
4
360
810
156
152
478
524
1004
642
304
48
126
890
216
218
160
236
530
124
146
324
92
294
80
66
496
88
168
396
536
184
558
972
124
754
182
380
302
242
156
56
564
292
1118
94
1298
42
88
416
1412
546
32
366
20
148
344
280
144
850
248
214
762
826
370
134
368
64
64
60
100
260
222
276
156
442
370
588
62
290
492
294
32
102
102
312
8
696
110
140
544
510
328
258
680
1094
1224
314
102
278
274
404
968
78
350
220
100
38
392
78
558
278
8
20
2
10
18
186
252
448
994
202
232
348
394
1152
834
264
68
216
38
556
210
152
76
698
694
726
220
330
58
758
830
352
128
902
540
112
74
498
638
262
60
736
46
2096
274
652
596
150
258
498
1964
660
126
344
552
738
744
100
318
864
280
848
402
394
176
286
162
82
46
682
1022
66
256
80
96
450
492
34
192
392
284
88
34
14
916
18
58
722
94
338
136
52
28
728
296
240
48
360
210
110
226
210
412
64
170
664
226
508
104
238
46
8
104
154
96
126
142
672
104
94
96
454
850
268
306
22
156
802
708
116
582
148
320
284
116
56
78
146
288
440
856
134
186
338
76
174
122
18
158
690
962
88
102
56
98
102
166
378
72
146
376
708
708
448
526
304
412
232
502
148
90
60
996
546
256
624
570
1924
1022
828
632
200
346
52
922
220
58
556
42
814
446
158
690
84
48
150
286
330
112
606
436
444
420
402
390
382
234
326
98
72
304
444
164
126
36
252
316
464
136
74
208
342
78
546
202
164
154
200
294
366
172
184
162
32
160
564
152
290
124
104
530
112
130
146
118
694
298
114
16
164
118
68
16
48
42
620
290
530
952
86
870
812
204
528
248
68
344
170
574
396
642
248
674
118
20
140
104
60
250
384
76
192
358
66
146
164
110
82
160
580
160
244
378
206
54
324
790
310
162
102
198
46
1236
52
90
60
124
236
320
120
54
194
90
140
78
1014
34
594
184
282
704
110
1526
238
18
76
32
18
18
64
32
146
576
16
204
118
510
224
612
88
10
144
928
612
80
280
312
96
104
100
78
170
84
590
722
360
468
314
78
334
106
20
76
458
192
92
64
642
32
200
94
78
84
10
38
350
142
584
320
720
200
126
264
144
298
78
190
640
324
106
216
170
72
112
154
60
390
196
188
116
94
224
136
88
116
134
58
478
438
20
222
56
8
142
54
12
332
32
52
20
34
36
42
354
58
164
58
28
36
36
766
656
408
30
1002
858
608
550
876
496
700
1160
1128
412
760
628
806
196
354
818
996
1480
1154
752
456
396
916
1082
464
1296
878
718
1622
968
882
800
902
856
584
476
866
596
1042
518
220
886
456
684
88
490
720
72
1710
492
880
840
930
624
808
786
832
402
518
834
976
904
1036
692
768
202
870
1882
738
1408
1492
1182
408
968
406
488
738
784
738
936
528
414
662
210
1788
500
178
942
58
1550
688
762
1110
952
1062
870
1052
702
1032
918
1060
756
1706
1030
556
1242
28
184
256
262
480
850
114
490
88
876
160
94
404
230
210
306
478
124
56
148
44
1216
794
828
562
352
70
230
646
600
834
1028
440
390
270
740
12
100
52
142
392
80
342
1198
186
40
76
56
224
144
754
368
94
74
346
400
1266
142
1292
64
988
128
4
354
206
976
218
884
210
242
1012
74
318
112
80
222
56
190
282
256
782
44
172
752
298
354
424
292
80
122
330
174
148
12
26
50
110
128
358
64
30
76
390
146
1018
246
736
510
94
538
80
372
64
744
260
88
296
106
214
1324
970
580
154
368
752
114
166
600
238
1290
54
26
322
260
902
388
506
728
274
366
190
340
296
268
236
794
102
68
22
114
140
70
162
52
346
1048
154
606
478
46
18
192
176
88
60
310
132
118
690
116
174
42
374
30
528
58
14
112
58
40
128
42
692
42
204
148
254
84
406
76
318
134
124
544
146
72
664
78
36
888
568
402
260
70
602
88
308
26
238
220
260
426
910
148
204
74
208
66
348
130
34
144
366
232
1138
122
216
170
164
236
154
32
88
348
264
118
494
34
330
40
198
404
86
888
216
344
82
270
576
492
222
192
404
154
72
284
94
386
534
554
354
390
688
536
32
362
78
152
120
80
268
44
80
56
482
172
62
424
16
150
42
622
400
392
116
478
26
572
360
78
270
224
286
296
310
224
542
592
540
294
584
1290
350
178
710
330
392
318
280
282
704
260
224
784
304
438
324
282
116
452
602
1022
772
562
340
262
338
236
162
446
512
182
1148
1148
224
222
208
190
692
374
308
284
138
204
256
26
266
378
554
122
184
86
68
1682
1710
198
62
182
78
444
970
272
348
40
170
390
48
52
280
328
378
396
676
52
354
678
92
836
110
840
760
358
40
334
578
84
74
160
742
40
418
408
428
404
706
40
310
238
354
730
244
68
200
48
116
186
296
744
62
248
376
456
512
622
236
90
504
380
234
224
260
466
178
38
548
740
466
838
336
46
528
704
1016
68
198
374
344
218
134
1178
286
120
364
300
200
178
108
566
454
310
284
230
256
222
190
236
312
148
36
36
114
212
654
144
106
908
320
56
16
252
40
42
196
94
232
112
108
116
140
34
464
200
394
92
62
230
22
78
66
98
524
46
280
48
160
50
156
170
326
98
52
152
50
248
458
90
194
150
76
350
14
64
418
130
12
230
94
32
24
102
162
144
172
144
38
136
136
40
134
10
56
82
38
214
50
148
10
512
16
34
898
538
928
712
1198
254
864
424
478
216
624
392
606
988
864
522
288
646
262
1032
510
772
506
654
1342
1152
1164
840
292
52
76
102
690
1480
332
1330
746
564
608
1200
1270
1022
1076
482
638
794
1314
930
764
1258
386
728
800
552
226
272
568
412
274
1286
734
1288
1198
692
178
1076
320
70
282
952
1040
1394
984
948
696
1386
526
1038
192
194
854
1230
314
870
184
172
1342
248
670
1034
882
1126
228
1440
1192
532
266
958
130
190
802
378
274
660
672
228
418
186
194
964
1024
336
318
1130
960
1026
1112
1184
164
648
718
1532
148
420
618
454
1010
234
906
1572
192
1360
1028
300
1024
1036
228
246
368
1394
158
686
1344
684
736
290
826
402
390
1018
1100
1248
544
1054
418
620
838
196
652
774
388
472
744
546
204
264
296
252
650
922
1128
660
982
1114
898
686
274
564
988
652
216
724
1352
534
162
306
346
1374
1260
1178
1240
652
1032
1524
246
336
536
802
664
364
444
584
1020
766
680
460
338
336
470
1214
268
656
898
472
182
286
590
718
858
660
1208
1116
296
268
1018
1212
1096
364
692
672
1084
126
700
312
1196
348
866
444
1046
310
514
628
966
344
740
236
410
348
982
394
652
838
722
664
418
710
364
174
396
192
340
36
94
14
158
388
48
72
48
32
88
294
358
44
106
54
386
296
116
234
38
138
86
128
90
334
206
628
138
386
546
20
62
74
180
1238
244
572
332
148
194
298
296
100
158
62
60
144
40
684
310
102
302
352
82
30
60
46
52
88
62
674
26
410
30
638
676
104
82
548
160
156
506
28
18
168
112
286
266
68
112
104
424
172
120
476
340
162
212
88
324
306
306
624
120
190
12
640
208
268
356
640
72
374
96
86
238
352
108
298
20
448
406
116
138
60
416
210
256
168
6
626
64
214
502
216
196
246
192
94
204
78
208
676
32
696
140
66
498
214
276
404
176
108
170
212
710
98
402
204
106
518
592
96
662
288
340
646
52
192
486
330
958
574
716
586
72
182
194
600
174
598
86
190
80
216
502
566
202
392
456
78
296
580
92
938
292
84
162
70
84
192
96
134
20
46
8
1576
200
240
290
386
132
660
212
268
242
128
76
108
484
244
242
382
332
444
196
598
116
192
202
100
316
70
404
160
832
208
8
92
148
142
150
464
92
268
184
568
82
538
308
230
222
76
298
592
126
346
318
690
242
132
230
600
260
1408
546
476
112
554
300
484
118
62
300
64
170
342
148
192
124
692
484
72
420
628
134
230
210
588
46
296
306
262
156
40
132
628
76
222
236
230
64
288
188
348
68
638
86
594
130
386
238
240
68
170
152
246
554
276
398
260
1228
54
208
604
292
108
264
62
120
150
90
1246
714
262
384
314
450
70
318
138
296
76
294
122
96
102
50
332
486
6
320
398
454
550
590
512
116
474
644
480
358
90
398
436
450
46
608
58
644
496
576
330
674
492
648
422
406
70
108
644
492
446
84
10
476
348
544
784
640
610
418
510
242
468
110
622
426
182
60
714
80
238
430
538
536
90
492
658
472
446
686
488
372
120
430
294
390
646
236
52
114
210
60
182
56
350
78
68
304
92
172
200
78
156
80
64
18
74
1580
1164
78
82
70
42
50
50
158
438
104
66
74
280
456
340
12
42
72
46
30
18
130
40
48
28
62
20
12
78
50
74
46
46
48
48
2
42
76
44
66
46
78
42
46
152
2
72
140
120
166
762
22
148
102
2
60
118
104
42
134
28
34
54
358
20
146
82
156
50
92
94
768
86
460
94
652
94
150
62
328
66
120
104
202
66
180
96
766
698
166
168
588
1158
92
68
120
106
40
114
104
480
784
146
182
64
60
12
120
84
76
190
18
60
32
84
142
148
58
46
156
102
148
162
30
108
30
102
46
308
196
110
96
328
212
66
84
166
132
142
266
126
106
98
358
1072
150
120
92
156
32
102
352
26
108
102
190
84
156
150
156
176
152
150
186
286
120
136
152
168
240
80
150
144
244
154
76
94
166
154
310
178
192
162
88
238
102
184
128
90
74
142
166
104
118
92
218
190
122
62
362
114
136
88
322
82
290
108
136
254
322
28
50
86
40
120
78
122
48
108
176
54
94
106
156
74
216
152
354
6
318
92
98
40
106
208
146
320
314
112
152
92
54
70
86
316
20
244
100
96
74
40
76
214
288
20
320
152
70
136
162
96
22
368
50
164
258
96
120
72
128
90
240
86
660
290
470
528
518
148
92
202
190
60
230
372
502
40
164
866
116
666
210
80
618
684
270
350
986
74
338
210
278
170
370
682
550
936
494
514
706
710
600
284
450
90
188
714
78
308
586
44
656
128
408
926
1226
356
508
252
70
510
514
650
606
380
196
426
570
308
906
548
752
90
404
872
64
946
278
170
348
1740
402
350
790
398
706
440
770
404
560
750
724
762
428
648
602
456
422
434
634
732
630
354
736
772
246
14
1122
284
384
488
568
20
262
366
1154
728
492
606
356
130
62
354
610
1336
440
608
502
406
50
568
14
206
764
834
600
1366
246
1886
36
1196
656
940
290
674
256
94
538
748
600
698
690
66
616
132
46
370
480
44
378
130
414
488
748
468
564
532
232
366
144
366
272
1070
626
628
166
888
256
428
504
246
472
168
540
200
586
226
836
564
710
298
492
416
584
896
42
96
194
464
586
530
468
506
572
734
128
678
426
774
398
694
522
720
306
762
114
738
256
448
322
376
364
300
410
92
148
1866
982
1094
206
154
344
372
450
336
42
88
340
416
144
58
248
458
54
280
94
154
518
40
288
206
656
10
260
96
490
208
6
202
10
166
20
22
70
412
110
52
20
224
66
84
218
6
122
152
62
400
56
328
398
538
100
28
660
346
134
100
62
18
450
66
98
66
66
338
148
12
50
10
94
564
494
212
784
76
360
112
88
10
346
210
16
20
268
22
684
98
40
26
136
250
86
304
222
162
118
440
270
136
138
384
162
338
222
108
648
126
168
62
208
206
316
184
118
46
68
172
286
342
56
74
638
166
156
280
146
90
248
76
112
222
96
96
132
134
64
72
28
148
92
396
98
128
460
342
134
116
220
80
496
254
108
244
386
194
848
304
808
110
1098
190
538
314
190
1260
1088
216
206
326
1254
1350
1070
294
218
214
152
340
120
338
344
408
1068
1086
1068
1074
1068
194
1068
272
192
1072
1076
76
612
314
136
1068
54
42
456
1068
220
470
570
1072
412
28
1464
314
18
36
214
366
1084
1082
194
1072
1252
434
60
304
440
146
174
182
202
36
1068
212
1388
54
1280
54
252
34
352
290
332
32
216
24
430
642
468
116
436
458
570
536
524
490
330
100
476
690
470
450
454
478
146
62
28
386
584
512
500
484
624
386
338
140
266
534
22
356
382
118
526
722
744
354
496
406
412
108
386
386
586
506
434
162
38
898
688
18
432
524
134
706
472
78
446
142
740
578
28
26
256
28
82
386
180
60
456
614
172
352
192
192
204
144
108
70
210
444
414
416
444
144
246
182
176
468
180
400
88
286
378
208
438
88
234
246
408
266
28
46
262
98
276
62
764
824
312
734
42
674
218
42
190
840
828
12
230
718
820
368
764
768
950
632
764
760
222
152
726
316
546
362
96
54
492
266
916
730
530
1164
174
720
806
670
122
800
250
236
810
750
84
902
952
946
320
742
736
86
972
914
296
1326
802
260
1148
124
40
136
32
80
42
74
34
36
40
118
20
44
402
58
48
34
34
64
78
56
112
402
168
236
166
184
248
238
268
226
114
318
142
170
504
256
116
140
162
504
210
456
912
992
210
206
190
194
120
196
120
122
924
216
1012
212
336
98
166
180
98
114
120
142
914
912
918
178
284
176
222
276
156
110
144
120
386
202
152
138
164
340
194
178
198
312
206
410
642
346
146
102
98
164
110
332
248
284
188
80
120
926
188
260
132
914
348
216
42
158
154
134
408
240
240
128
340
278
274
158
798
124
188
96
322
520
132
122
192
344
70
184
146
912
816
256
312
196
124
94
924
1168
168
324
454
166
114
282
938
186
154
770
124
362
74
136
28
180
192
166
350
72
190
116
94
648
180
174
120
204
148
138
232
124
64
268
136
298
74
522
532
156
1166
196
162
184
196
520
112
146
124
140
116
162
908
232
196
202
62
122
1196
114
130
204
40
124
222
196
412
156
160
142
328
174
124
114
144
120
182
226
224
58
138
110
122
6
10
14
34
278
146
254
70
34
64
236
228
192
280
154
34
132
450
282
376
124
148
138
152
152
82
156
78
142
74
132
518
220
108
22
244
360
66
58
56
22
148
332
142
148
164
398
424
42
190
406
162
108
112
136
116
104
42
276
106
176
76
172
58
118
218
104
196
594
102
114
40
116
26
46
182
116
60
240
160
174
242
206
140
152
228
292
376
62
242
274
168
186
244
204
32
112
34
110
142
180
180
202
152
32
202
86
340
156
124
158
82
156
162
146
224
324
934
858
640
764
1020
100
190
890
824
842
578
514
48
74
934
926
250
926
840
98
904
54
962
80
344
1160
210
794
634
886
248
630
464
354
942
214
32
44
42
534
150
72
226
184
76
254
542
570
862
572
242
472
52
322
50
230
588
406
630
92
556
158
552
194
24
90
1266
338
56
280
170
562
486
290
90
528
120
478
166
398
378
834
180
214
82
282
412
108
268
572
646
484
648
600
206
740
564
578
298
390
232
298
372
558
672
60
256
82
530
500
110
164
202
414
280
562
258
116
572
192
518
474
296
610
254
358
116
320
826
390
270
740
114
28
400
738
230
182
236
322
306
440
188
84
554
302
314
340
268
274
458
814
444
108
198
970
586
430
692
284
320
424
172
58
814
458
268
288
138
242
562
562
320
326
684
298
778
280
282
48
290
368
484
146
518
346
96
264
652
190
540
338
212
710
276
306
582
272
708
808
288
304
420
408
182
846
364
426
648
238
654
416
194
192
236
336
686
586
556
160
398
254
704
306
418
232
74
386
656
128
606
364
320
232
144
1020
306
380
580
364
186
270
216
446
114
608
190
784
336
154
386
862
432
180
58
284
430
754
74
414
192
1002
178
774
406
252
738
470
314
152
546
294
256
308
1334
354
152
166
318
282
472
376
250
408
330
746
348
316
36
184
440
540
198
134
1048
394
208
668
386
294
128
424
44
280
436
82
386
110
34
14
42
92
14
102
136
120
44
48
70
44
26
128
46
22
114
66
22
144
12
128
222
824
568
150
468
130
454
332
226
490
394
216
166
276
264
310
424
224
442
720
608
604
280
302
248
110
1062
1224
352
202
592
510
498
590
540
412
968
478
368
306
482
612
364
456
14
242
380
78
218
364
442
172
336
372
104
462
336
266
510
278
150
512
414
114
430
362
48
568
302
308
448
470
380
380
424
118
36
528
286
206
158
470
272
346
116
236
438
88
624
416
338
480
484
262
214
170
302
156
10
122
134
164
184
112
150
408
150
440
184
112
136
134
134
216
258
46
86
84
152
136
330
120
24
206
118
96
148
142
16
94
58
150
140
156
138
572
90
50
148
22
40
124
164
76
60
4
222
462
78
44
406
156
66
176
60
92
78
58
92
22
192
142
60
82
240
34
282
178
30
160
274
636
150
96
48
224
168
214
126
94
194
110
26
298
54
270
158
26
84
236
324
66
194
280
12
174
136
130
68
78
88
190
68
62
212
214
142
336
64
66
60
54
230
40
116
344
216
248
390
248
580
100
400
34
192
68
36
42
184
80
8
44
248
388
46
238
118
196
66
48
98
54
198
392
160
342
112
28
390
26
98
16
98
58
90
24
110
202
172
180
160
106
108
234
424
384
516
254
26
208
82
170
174
246
92
124
86
28
118
158
94
114
86
174
78
112
602
150
396
146
408
36
692
494
30
68
152
174
250
354
418
312
432
374
74
370
6
380
166
114
112
54
224
100
234
18
88
30
346
146
22
272
14
30
14
24
52
98
98
118
56
128
80
292
150
36
454
352
338
54
414
314
114
54
32
398
106
10
322
120
226
156
60
202
222
476
252
70
106
172
198
228
218
24
18
162
316
84
594
296
294
70
58
20
66
62
496
48
150
132
358
302
34
122
214
172
174
32
190
306
336
646
10
38
8
132
10
94
22
8
316
278
182
168
552
250
328
410
586
6
26
12
144
10
446
710
28
100
168
96
506
340
310
378
346
40
424
24
172
356
54
128
34
136
24
38
332
96
6
132
98
212
230
394
276
248
96
230
366
200
230
326
276
208
332
116
188
322
68
262
162
248
418
210
496
432
142
110
198
370
124
164
194
172
520
234
72
430
344
94
136
334
198
34
252
136
490
264
336
156
54
114
244
296
54
138
58
394
416
122
188
84
130
80
414
384
228
132
404
286
128
236
256
244
76
102
516
86
216
136
8
38
150
124
126
174
202
108
182
140
120
208
12
16
24
44
24
10
38
364
258
556
230
212
226
860
22
190
244
380
230
414
48
176
60
282
68
260
386
394
148
76
30
40
296
488
370
394
106
222
304
138
166
498
328
54
318
364
128
130
344
134
168
58
46
448
320
440
88
446
506
196
428
184
438
480
262
8
58
24
128
244
150
146
60
298
74
168
414
224
278
148
196
160
504
112
60
256
140
88
350
134
206
258
208
168
290
468
118
72
152
348
122
436
56
40
50
352
240
64
38
180
152
612
240
260
238
186
134
262
12
376
244
396
210
152
210
584
98
114
228
186
100
240
102
772
32
114
150
260
152
146
12
248
36
272
58
134
48
190
280
380
92
366
126
226
310
22
40
56
124
262
38
440
268
30
56
290
110
26
182
72
62
14
24
344
62
316
242
132
72
58
68
28
238
68
142
72
136
48
32
96
36
70
94
76
168
450
178
78
66
158
60
72
52
162
24
44
66
152
148
208
84
32
130
8
150
78
82
258
52
252
148
216
118
60
110
124
126
62
130
106
382
164
68
110
82
52
194
64
296
34
60
74
32
64
30
84
58
66
42
70
12
158
84
100
86
258
50
70
164
288
96
80
124
186
176
76
126
172
108
138
206
230
8
50
138
534
186
100
76
194
328
402
126
194
110
246
188
498
148
262
168
56
132
102
16
92
12
64
20
24
86
204
100
90
14
78
342
398
170
234
76
74
106
76
84
326
270
142
104
64
134
164
232
88
60
660
88
78
88
84
648
68
470
100
110
590
730
68
290
80
26
86
126
84
118
206
148
200
146
264
192
24
230
194
258
18
184
124
136
214
272
198
628
208
20
194
218
266
90
186
86
146
152
250
54
220
28
254
220
96
142
196
154
272
126
210
256
172
208
96
12
158
138
286
300
152
6
124
496
646
58
54
102
126
186
42
74
54
38
72
46
50
212
268
192
16
176
148
354
386
56
492
476
56
74
464
392
182
186
254
400
512
400
266
42
198
362
452
522
30
62
398
102
400
130
202
460
460
358
578
222
432
80
302
250
24
336
222
518
202
284
94
330
462
374
120
258
8
48
38
388
10
2
14
28
30
166
34
26
36
4
290
224
268
98
268
340
254
258
158
252
244
206
674
456
96
74
428
188
430
174
286
296
436
132
44
82
6
26
80
228
156
46
226
114
134
152
62
26
10
156
120
148
88
78
54
100
66
174
240
64
76
242
56
228
96
224
224
78
118
138
326
116
228
272
192
58
26
58
70
72
60
64
154
74
104
102
106
122
90
102
62
106
84
102
106
102
102
114
108
108
104
1000
1068
808
982
166
810
88
272
146
218
1030
1002
768
494
1000
1002
126
598
448
1000
138
1002
446
1000
1000
982
18
116
442
112
34
556
50
100
32
66
598
44
262
36
422
22
92
126
32
70
118
216
96
246
32
282
376
154
20
126
34
62
36
174
130
2
38
24
168
34
362
32
78
36
124
80
16
22
22
238
228
136
150
208
230
328
98
94
118
120
630
328
96
110
206
112
92
82
104
182
98
382
74
76
310
38
186
298
58
56
176
126
68
72
22
304
42
50
100
84
100
140
50
68
120
88
116
68
342
86
116
64
38
280
100
278
150
120
110
58
430
130
74
106
42
108
158
54
216
72
120
28
100
46
86
42
470
288
154
30
114
182
78
44
88
530
162
38
144
100
98
366
186
440
286
290
224
768
336
64
68
58
214
276
124
274
32
74
252
54
52
18
32
836
130
10
8
70
70
54
186
178
68
152
46
10
76
4
166
4
14
10
88
78
32
48
290
170
118
86
364
56
338
488
376
294
124
306
132
20
60
130
94
98
154
288
92
72
92
294
112
92
80
324
144
340
220
362
84
36
152
66
310
68
110
112
84
126
84
100
204
168
96
122
80
112
86
86
138
164
108
110
98
122
96
132
104
96
70
66
94
146
210
112
144
116
120
120
2
108
138
20
102
4
164
76
100
40
22
48
148
16
138
78
176
168
48
24
50
112
78
116
72
22
70
118
368
56
114
378
50
180
70
152
24
726
214
212
296
262
28
192
264
326
232
246
116
76
340
214
142
216
86
228
352
340
80
12
198
320
368
90
350
194
106
260
106
324
180
382
206
64
90
248
228
370
158
484
300
78
252
128
224
186
46
192
144
122
224
160
408
250
62
452
106
158
244
192
94
120
332
46
182
338
302
250
364
40
104
270
162
168
190
412
312
314
146
246
24
46
40
172
250
196
152
180
338
54
312
124
254
48
62
78
256
38
26
120
180
92
198
88
42
74
250
318
166
174
44
50
54
204
218
66
112
66
2
182
94
36
68
118
64
212
130
102
120
92
152
60
196
266
46
84
24
308
144
250
230
438
64
86
238
364
34
64
124
176
42
220
32
214
74
314
10
30
22
82
240
382
122
136
108
46
76
38
30
90
24
46
170
174
18
46
98
28
78
106
74
36
58
90
150
184
462
110
372
12
54
218
162
348
184
116
44
50
210
22
48
160
158
12
20
16
20
56
234
42
6
86
48
42
8
202
8
14
18
102
66
84
176
100
122
108
142
154
122
94
132
112
82
122
84
200
130
230
84
114
100
122
288
96
88
164
146
148
50
58
92
306
480
36
72
110
50
6
14
136
160
150
28
10
26
16
86
132
6
532
48
10
540
82
42
30
18
162
6
94
86
54
240
24
24
148
8
14
84
34
98
394
88
148
114
270
92
116
196
88
60
256
30
78
248
194
190
16
136
272
96
48
256
192
260
70
160
362
144
46
404
32
116
62
150
24
174
104
92
184
186
128
96
116
64
280
36
94
598
446
294
38
150
12
236
200
2
106
138
106
70
150
576
106
142
142
56
24
368
24
452
68
58
158
484
50
166
484
194
60
48
606
50
488
564
68
76
158
44
178
396
138
88
136
40
122
82
202
128
54
210
202
158
56
220
106
100
376
480
82
56
594
198
72
170
306
174
88
110
152
112
180
84
144
76
104
154
62
40
74
214
34
92
168
668
164
174
120
172
142
100
106
44
114
56
134
74
300
100
278
326
40
106
314
62
356
168
306
202
134
276
296
554
272
192
396
192
90
508
204
458
42
36
128
84
62
36
412
62
84
82
18
172
32
56
208
408
42
98
74
132
190
492
288
196
70
44
354
66
186
212
232
788
150
8
172
56
228
306
288
158
96
28
170
312
38
184
146
68
58
116
334
42
574
226
36
144
122
320
258
372
100
84
70
254
140
102
130
16
106
20
322
150
282
178
192
30
14
62
98
208
192
292
118
96
220
128
380
84
96
390
94
120
98
222
56
128
128
32
24
68
118
200
48
132
106
180
140
58
134
150
54
70
216
108
42
84
136
70
128
536
118
48
30
40
66
54
102
188
220
56
86
48
282
260
204
204
126
46
28
52
36
226
212
14
96
44
22
126
70
52
6
42
88
46
30
40
262
142
104
30
192
36
80
114
136
206
70
116
6
60
84
34
48
136
42
86
208
78
210
176
120
112
316
94
8
80
230
24
96
84
70
22
76
314
118
50
92
96
142
104
250
66
78
32
300
84
126
86
70
100
302
140
82
152
82
146
234
104
76
168
78
100
28
92
84
18
20
70
48
24
412
344
160
200
48
180
212
152
290
300
296
106
464
244
188
160
166
108
154
74
58
102
74
16
62
54
74
86
46
88
48
66
88
74
42
46
120
38
86
292
160
66
82
138
142
130
186
120
570
122
176
166
24
134
174
30
556
184
36
12
102
48
20
6
168
12
42
8
6
370
62
22
110
84
142
270
366
602
540
78
12
138
380
416
144
58
78
70
72
122
60
44
62
142
88
64
132
40
96
58
82
80
22
52
104
126
10
32
102
92
68
76
104
36
90
200
78
158
32
122
38
62
70
60
22
84
80
58
50
98
206
156
32
70
116
88
262
52
170
42
220
68
110
80
20
44
218
94
42
238
76
24
52
52
132
80
40
128
58
184
128
34
178
94
82
110
92
146
242
100
346
32
242
240
232
194
130
212
176
46
172
108
394
280
186
46
240
244
30
238
214
104
166
128
24
240
272
14
132
146
134
324
116
158
120
162
96
234
100
514
166
100
104
146
150
150
132
460
152
136
62
356
318
420
110
70
38
180
108
188
46
106
166
136
140
128
170
172
206
276
144
248
426
204
314
166
38
24
66
8
40
18
46
390
12
48
382
362
100
210
76
284
220
490
56
28
24
8
72
66
34
84
276
12
10
186
386
34
6
66
204
94
18
536
44
108
202
74
298
114
24
98
36
38
194
86
52
92
104
78
10
8
60
32
84
460
30
22
138
26
46
16
12
14
12
236
600
60
36
60
138
32
14
68
148
224
20
32
14
228
18
16
306
38
236
52
64
16
436
66
22
60
168
48
114
10
96
72
240
36
100
26
40
158
98
40
120
38
42
38
74
118
222
210
140
58
54
168
122
370
102
212
106
166
158
90
36
36
88
44
54
162
38
116
246
88
18
96
136
282
134
154
44
110
296
248
74
68
52
58
50
6
44
342
86
252
324
60
58
74
66
406
190
108
158
154
136
196
184
204
134
166
154
164
144
216
174
154
136
122
28
144
28
170
166
32
208
182
174
278
110
196
128
220
242
228
58
162
182
246
154
206
86
174
28
272
194
12
80
276
218
256
240
188
442
232
218
228
204
202
178
218
170
186
238
184
198
236
236
338
294
70
22
66
98
22
20
148
190
134
118
72
24
108
32
144
144
24
222
134
54
106
294
52
250
24
20
88
24
150
340
144
60
112
28
282
212
84
158
58
214
46
154
182
288
80
26
70
244
450
40
56
2
58
28
66
114
26
310
58
338
178
32
30
170
284
202
22
50
142
40
232
34
472
262
344
14
32
48
610
46
18
116
28
26
50
104
36
98
96
112
104
54
124
126
622
90
72
234
128
50
34
56
148
44
64
106
138
56
42
22
76
30
48
14
18
36
214
18
112
142
58
94
56
160
16
228
40
232
38
12
38
112
160
28
200
82
142
214
44
224
46
198
150
212
74
60
96
154
44
164
302
308
134
566
126
228
152
274
120
116
656
114
172
240
228
760
148
174
612
124
228
324
364
22
146
132
90
228
124
158
86
154
178
144
72
16
8
10
4
250
40
156
54
38
120
74
46
52
192
22
52
36
250
32
28
516
36
336
32
46
42
224
116
166
64
40
120
206
180
30
98
116
16
96
6
4
106
46
62
110
58
142
128
20
128
30
10
36
56
58
6
36
314
128
114
94
82
136
32
242
66
150
126
136
166
196
148
304
70
194
34
220
86
78
96
80
148
168
172
310
130
318
240
10
306
64
252
150
138
124
132
570
58
104
116
78
178
110
132
60
100
134
232
176
80
24
332
32
138
448
180
138
218
116
168
442
144
112
50
226
108
146
178
104
178
72
338
64
422
184
82
54
318
148
408
128
88
140
112
20
50
94
48
10
52
62
98
164
554
28
72
262
60
88
132
18
30
186
22
32
92
122
194
160
58
234
110
118
208
14
108
120
130
68
32
60
168
62
590
108
144
166
110
102
90
78
126
164
172
114
134
116
160
18
200
140
92
106
64
22
26
54
48
24
90
38
96
46
32
118
16
224
86
110
82
112
112
386
230
166
248
200
552
582
66
274
394
410
34
36
398
246
160
156
124
222
254
360
228
550
228
204
188
76
176
86
116
118
214
252
50
386
216
174
208
254
204
152
328
184
60
272
214
70
210
202
186
58
108
202
98
110
246
188
274
328
190
226
258
156
226
212
228
104
72
594
280
274
230
124
194
72
92
378
110
140
108
100
140
108
220
240
82
94
58
230
272
92
164
112
176
118
16
124
246
56
62
126
80
70
50
174
114
346
134
114
178
156
154
90
32
210
162
40
18
72
14
18
22
20
12
20
66
26
170
150
70
206
48
30
126
152
86
80
78
124
194
86
92
84
110
116
156
80
92
154
126
74
94
48
54
54
154
118
68
80
110
124
92
110
80
98
20
70
30
48
16
18
62
228
12
148
12
80
84
48
262
36
32
96
20
104
112
38
92
60
116
138
26
26
54
50
40
2
6
20
16
190
36
348
112
118
124
156
114
110
124
184
104
178
168
152
124
170
294
32
28
178
30
24
94
68
82
68
28
44
70
40
328
66
170
88
138
184
200
154
20
20
106
116
38
280
34
64
130
64
54
56
34
8
38
8
396
42
80
98
98
60
84
92
24
172
76
98
56
82
130
52
50
78
64
186
108
62
28
116
92
68
8
6
92
26
20
164
4
110
44
56
96
40
74
22
24
12
320
34
104
30
72
176
70
26
68
222
54
38
36
104
70
130
210
30
354
36
30
90
78
148
76
54
72
70
30
44
162
168
82
116
146
44
68
42
192
112
148
68
92
38
72
20
114
118
88
14
70
16
194
34
136
64
38
176
34
26
8
20
68
102
116
254
84
22
70
106
196
50
134
30
122
128
86
54
72
86
94
96
102
84
36
178
242
24
42
4
28
146
58
42
22
96
76
80
28
30
70
112
74
276
154
52
30
18
30
62
188
22
56
60
248
48
110
58
32
404
46
44
10
22
16
326
38
252
54
52
236
262
250
74
346
184
100
336
40
42
156
106
20
26
90
48
226
92
16
292
196
16
46
36
428
158
172
84
16
30
118
16
324
170
80
60
66
150
168
418
4
264
366
106
294
74
198
100
8
50
36
52
46
28
238
270
144
30
272
136
162
522
44
304
66
112
130
78
42
68
88
76
18
16
38
110
52
102
86
40
70
90
86
72
38
200
208
164
132
62
136
226
62
468
216
136
72
68
142
36
52
120
74
102
48
8
6
20
168
88
52
246
134
14
284
256
54
302
222
288
212
126
92
500
222
182
170
332
192
302
260
220
182
150
220
18
256
244
282
246
150
30
324
134
136
406
18
46
202
222
304
296
220
334
276
260
328
180
142
262
190
256
206
400
128
194
352
404
330
188
84
248
184
36
308
50
142
140
42
74
34
28
10
14
176
138
82
178
138
14
18
80
48
82
94
66
108
76
30
398
88
494
52
226
60
132
28
212
242
138
88
102
72
158
110
42
302
102
66
66
346
340
66
174
26
42
46
28
592
166
58
20
100
334
264
38
48
52
94
28
108
66
216
208
164
22
196
182
138
54
36
404
48
130
94
98
58
76
62
20
30
50
20
28
24
226
144
38
362
520
92
186
48
118
48
688
96
164
42
54
36
186
104
212
84
56
16
120
86
58
180
186
134
40
74
86
68
110
26
122
42
26
20
24
68
422
160
62
30
22
78
428
206
110
62
72
108
20
104
30
88
14
130
72
88
216
146
10
52
74
30
36
664
64
64
182
490
70
108
292
12
194
86
58
52
120
342
472
20
104
24
174
248
60
502
46
2
184
80
24
48
36
134
78
180
74
172
200
178
50
76
160
242
184
140
56
114
162
110
104
142
174
138
72
72
54
48
38
72
62
266
36
32
130
60
116
44
58
216
150
308
54
58
48
116
100
10
94
56
24
54
138
74
68
394
120
50
72
102
114
32
64
6
82
102
86
142
54
292
186
404
150
262
220
180
418
108
214
12
158
18
226
192
262
132
250
396
186
14
18
30
32
50
24
40
6
8
158
162
114
122
156
364
174
404
208
78
70
204
130
288
208
362
328
190
76
328
234
92
158
126
144
128
92
108
128
220
156
158
166
96
108
290
156
46
258
62
40
154
38
146
224
118
32
36
14
56
106
152
20
52
62
24
28
92
128
72
96
42
164
118
170
6
98
2
4
6
74
94
130
114
64
74
18
12
26
138
160
126
56
34
180
60
84
152
58
116
62
214
166
102
16
26
42
66
42
88
26
14
8
102
28
98
4
22
12
28
86
102
72
126
12
400
36
14
12
170
102
140
46
42
206
36
12
136
228
84
242
100
58
228
86
38
138
88
250
72
14
18
4
66
10
16
14
2
146
114
250
366
40
64
126
216
32
66
106
62
100
52
20
70
66
136
118
14
56
14
12
78
4
162
96
8
88
34
42
14
24
30
24
66
176
24
64
14
22
132
104
18
68
24
48
140
50
54
32
192
150
38
46
190
146
198
90
16
78
60
256
160
218
172
22
126
80
90
4
88
68
34
408
374
382
16
140
30
62
32
136
288
308
268
94
12
70
220
26
168
48
276
70
42
92
78
24
36
32
12
96
38
212
44
128
208
30
24
118
16
26
106
110
46
128
240
140
72
88
32
22
110
30
94
80
134
122
242
10
46
46
120
72
60
40
68
62
126
16
34
54
14
58
68
346
44
78
174
32
136
24
20
88
42
94
46
92
136
32
90
130
70
96
74
60
52
36
122
60
154
78
48
192
68
126
50
64
96
42
234
110
56
38
226
16
36
144
186
52
46
80
76
242
20
10
154
204
50
8
174
46
108
60
168
96
106
64
34
54
10
112
36
110
196
106
168
26
22
24
70
12
24
70
184
116
220
92
22
148
72
18
64
20
124
156
140
58
224
140
312
64
318
256
124
154
26
52
122
126
108
258
138
138
108
44
336
174
18
150
172
156
90
26
50
84
66
78
102
50
88
94
54
16
52
206
64
130
76
50
52
186
24
44
52
34
32
134
46
4
16
38
88
24
20
104
40
24
102
30
30
54
28
124
108
104
72
26
56
30
134
100
2
96
50
126
34
122
14
42
20
66
12
8
168
68
82
80
96
88
70
24
24
32
22
92
132
92
32
124
120
72
102
94
250
38
98
42
16
88
74
14
158
76
104
252
16
66
22
40
142
74
90
38
38
72
30
14
12
12
44
52
110
234
130
28
20
82
8
30
10
8
66
48
52
154
112
34
158
64
48
56
46
44
76
20
88
44
50
80
80
70
8
54
168
18
34
56
126
46
56
94
88
18
226
58
28
162
80
118
8
218
106
80
38
14
72
260
72
84
54
84
124
40
14
24
30
20
124
82
28
10
238
2
16
16
80
358
144
40
6
16
126
12
50
232
52
238
54
78
36
124
52
104
246
16
22
10
66
44
40
88
164
86
94
24
16
54
32
12
22
4
12
64
42
34
48
18
36
34
50
98
20
24
90
44
98
98
28
26
26
30
62
56
58
114
156
64
64
52
6
150
22
56
78
32
42
10
26
10
118
118
38
10
20
60
36
12
416
46
120
126
86
72
194
10
28
28
94
30
66
52
174
378
298
114
280
254
344
94
154
124
80
300
64
46
208
166
80
10
46
12
38
12
124
2
74
22
216
82
102
54
190
80
34
26
102
108
156
134
44
164
88
180
60
84
156
84
168
56
144
160
194
94
12
144
122
92
48
52
74
100
48
26
186
248
92
24
200
138
188
10
216
14
136
8
76
250
120
6
150
88
70
80
136
26
58
52
4
80
108
236
24
40
82
148
116
68
102
44
74
4
50
36
24
52
54
40
54
38
34
52
54
20
94
72
178
76
38
112
4
132
74
32
184
78
82
100
72
126
90
116
114
34
24
78
28
92
74
32
50
146
76
92
56
30
50
70
110
58
16
174
64
84
76
22
70
36
82
80
64
18
52
26
100
72
260
86
218
56
86
228
2
2
50
16
60
70
20
76
74
64
88
12
42
60
70
8
58
10
26
22
86
156
96
262
68
102
74
20
60
66
72
54
76
50
16
84
68
88
30
10
102
200
72
72
30
110
90
54
88
102
10
34
42
58
76
98
88
158
42
322
48
94
174
46
104
26
100
92
148
114
34
50
34
86
86
42
60
230
164
52
204
152
144
128
134
16
76
36
40
24
42
80
36
66
60
40
48
34
24
40
34
66
64
170
194
124
168
82
154
238
112
152
390
248
438
158
196
140
140
130
290
432
178
232
162
190
118
148
150
276
148
186
432
106
158
100
166
176
118
104
62
48
56
44
50
134
58
64
124
90
34
40
80
34
70
218
74
18
56
76
50
52
96
32
142
60
66
14
84
2
4
58
98
124
184
124
10
90
76
54
88
110
32
184
118
20
34
12
14
2
16
18
22
38
56
102
106
60
134
46
66
234
118
188
134
72
56
54
124
108
94
94
164
56
92
64
66
66
18
52
44
138
84
12
112
92
88
104
132
60
106
54
10
38
80
50
126
96
76
72
84
120
132
80
38
48
56
26
54
12
54
50
58
70
48
8
54
56
100
46
192
54
54
58
10
346
190
88
94
120
132
84
48
200
82
74
98
42
70
62
44
120
20
50
34
28
24
80
42
50
74
72
110
56
26
78
40
52
18
48
14
26
156
96
48
112
112
34
94
112
30
30
86
104
26
56
12
94
26
120
64
50
128
116
144
156
72
260
280
30
16
96
34
16
28
70
56
114
14
76
28
92
94
86
80
60
16
190
100
8
56
66
38
80
34
140
44
38
96
82
60
152
84
146
32
392
112
76
92
34
150
80
78
78
50
28
74
46
266
84
40
38
46
36
42
46
140
90
42
34
40
76
28
30
122
16
78
40
58
10
30
76
36
86
42
72
30
24
22
154
12
68
8
74
122
42
46
202
86
92
24
18
22
38
80
18
6
24
18
120
2
30
40
22
36
22
6
82
136
54
6
88
94
62
72
16
18
46
6
50
52
42
40
88
68
250
58
78
44
12
158
90
98
96
10
8
30
10
34
28
60
60
26
54
100
36
60
100
58
46
120
50
48
12
144
54
58
80
4
32
28
38
318
92
22
24
172
94
14
64
86
20
44
52
82
58
32
32
78
162
52
60
92
12
26
80
140
36
124
30
24
24
42
18
38
12
46
16
14
14
68
100
22
106
30
24
30
100
74
140
20
94
64
106
24
48
26
44
22
44
64
36
108
178
96
72
56
52
40
8
54
50
96
64
70
98
146
112
36
88
136
64
184
202
42
60
40
58
38
56
42
56
18
38
18
14
90
10
30
84
10
78
16
60
28
18
102
6
18
16
136
12
150
22
26
114
2
12
44
6
120
34
30
40
12
2
114
68
86
10
18
150
190
42
16
24
30
32
60
20
26
84
32
10
26
14
24
20
74
12
34
22
2
6
60
32
46
12
38
142
20
32
34
146
8
28
128
74
88
10
106
6
8
22
64
6
8
16
32
46
26
16
16
44
14
6
4
50
138
18
18
64
20
78
18
32
40
14
8
22
20
10
8
26
70
6
84
8
36
16
22
48
26
24
120
26
56
4
70
58
76
94
32
52
8
18
120
12
2
6
40
72
26
78
18
236
20
66
86
92
12
58
28
6
2
42
30
8
20
6
82
142
2
52
24
32
16
92
16
36
6
46
38
80
44
12
78
2
6
40
14
64
54
16
72
10
208
14
80
20
12
118
36
20
44
14
24
42
58
18
46
30
12
12
38
86
20
88
2
18
16
18
92
30
18
28
266
18
28
62
48
10
30
10
58
14
54
94
218
8
110
62
78
10
22
70
32
258
70
84
82
2
10
8
34
58
124
10
12
12
290
32
32
56
16
12
82
514
70
4
50
8
90
56
26
4
12
8
24
24
116
38
60
58
60
66
102
116
28
100
72
2
154
4
12
50
56
78
58
42
6
14
14
6
2
24
10
74
26
8
12
2
70
138
14
50
46
106
118
60
172
52
24
70
40
66
62
28
16
42
76
96
40
98
166
26
64
34
62
28
66
124
26
26
110
16
18
144
14
14
10
26
22
32
62
20
12
80
32
62
126
34
66
36
60
72
102
108
42
30
38
32
52
80
72
88
68
118
2
30
32
28
154
30
34
76
48
80
64
80
54
88
90
72
22
42
56
30
150
76
46
72
62
22
58
160
82
72
98
88
20
78
110
30
72
34
8
34
62
42
10
32
106
14
172
124
42
12
6
6
30
100
54
120
60
14
8
10
110
28
94
4
186
122
126
22
170
58
70
68
150
36
54
154
76
200
84
52
46
90
168
86
52
34
44
56
38
30
28
110
28
18
20
56
56
20
274
234
44
36
32
22
174
50
18
116
12
128
32
176
272
34
48
118
16
140
42
20
22
30
238
48
16
36
4
64
26
72
56
28
64
208
28
20
6
50
14
70
50
146
8
12
56
4
28
116
52
20
8
62
20
22
56
32
76
24
24
54
10
50
22
38
6
74
42
74
114
128
56
120
16
32
34
14
40
14
6
118
100
114
34
4
4
42
128
28
16
38
16
20
62
14
20
32
92
42
56
46
176
84
56
36
6
122
48
82
76
140
18
120
30
148
46
12
80
72
84
44
40
8
54
42
126
166
54
316
324
124
74
122
302
8
28
62
82
132
166
86
42
82
68
110
48
86
104
180
112
84
138
116
32
78
66
82
74
4
108
74
32
160
56
28
42
50
18
142
40
66
258
28
12
12
26
56
14
62
50
80
94
60
50
48
124
98
90
48
22
62
114
16
48
22
18
56
30
30
70
122
46
28
42
6
34
52
20
26
72
46
42
14
222
34
18
38
50
44
54
126
34
80
36
42
42
50
58
128
42
24
48
44
34
134
70
88
150
32
180
126
14
82
12
36
32
36
24
18
30
26
56
20
16
6
16
38
48
16
208
18
52
116
38
12
32
28
22
24
96
54
180
108
46
46
96
178
140
100
4
26
18
48
102
78
66
100
76
56
86
68
96
88
34
10
34
40
94
18
8
46
68
38
42
62
32
58
4
24
78
20
26
74
116
102
26
74
46
68
58
32
90
78
60
72
98
170
90
22
158
10
104
72
30
4
4
20
90
20
18
66
6
70
48
42
18
24
162
66
268
72
32
54
40
82
34
10
16
12
72
14
10
20
10
4
66
226
54
96
52
222
178
64
152
68
4
60
6
44
30
102
26
22
18
80
22
26
12
18
30
18
8
36
48
42
52
52
20
58
80
54
68
34
96
68
46
62
202
56
68
120
84
54
10
34
10
60
140
56
178
30
2
18
142
106
80
46
42
168
70
48
14
12
10
44
22
192
22
172
20
40
72
10
182
276
28
80
64
60
44
6
10
126
50
52
50
86
76
116
56
32
80
40
30
26
52
40
4
58
76
166
76
106
4
56
28
100
112
144
8
122
10
94
62
6
54
54
16
38
54
20
18
64
38
42
86
34
8
16
80
12
20
64
62
68
16
42
126
38
22
38
38
38
32
38
40
38
46
38
38
38
38
40
40
38
38
38
38
38
38
40
38
36
216
46
36
56
56
76
122
62
134
36
28
48
58
80
72
36
280
74
270
254
286
268
22
254
70
40
34
30
20
36
44
50
18
8
32
36
20
54
12
18
18
16
86
84
94
90
54
68
40
134
72
50
58
8
12
12
46
108
36
118
116
40
124
32
24
42
40
44
82
66
46
60
14
64
56
16
8
44
18
20
100
30
4
32
16
62
38
74
160
32
92
112
140
70
136
58
88
98
52
54
90
84
16
70
42
66
128
82
118
58
86
206
64
74
2
4
26
8
6
14
8
24
36
82
60
40
36
106
62
80
22
6
66
84
50
90
18
36
8
48
8
40
20
36
6
4
4
118
32
32
40
146
154
12
4
4
74
66
56
14
8
102
36
20
98
22
12
22
22
54
50
188
18
24
20
2
2
34
72
10
132
46
24
30
16
40
42
58
60
58
4
64
40
42
4
34
14
8
40
82
42
14
38
70
48
42
10
4
98
48
16
74
54
14
42
26
22
66
14
4
66
50
42
30
6
20
18
48
56
34
8
38
50
18
62
24
68
26
98
120
54
138
74
40
80
60
84
8
48
58
36
54
34
72
16
24
40
90
92
16
18
24
32
28
10
46
88
48
6
22
4
6
180
10
6
36
46
48
72
22
76
12
72
50
60
8
4
6
24
20
50
76
28
72
14
18
146
30
74
32
14
78
88
64
42
42
50
54
4
18
52
18
110
10
44
16
66
46
32
64
48
50
10
62
126
98
80
82
26
94
78
64
30
44
40
44
56
42
48
106
68
92
48
16
22
50
26
62
50
10
14
12
64
30
34
14
24
52
12
186
8
40
54
38
42
38
2
18
52
40
10
112
20
20
16
112
6
40
34
16
8
6
24
56
64
10
138
12
88
4
36
18
30
48
56
44
48
80
116
104
80
102
12
118
82
24
26
8
18
24
56
42
28
44
66
46
70
32
42
52
62
64
66
12
76
24
30
74
36
34
8
14
90
38
86
124
56
8
20
64
34
108
54
104
26
24
14
18
62
12
70
128
16
8
14
10
60
50
10
24
38
18
14
10
18
34
10
12
56
4
2
18
26
2
14
18
30
24
8
14
42
48
102
2
34
68
24
22
2
2
6
12
18
36
16
20
44
50
50
18
20
44
38
98
70
50
68
54
20
6
66
54
30
74
26
50
74
48
46
22
48
20
26
46
88
120
116
60
132
64
80
92
84
44
38
36
16
86
34
8
48
32
20
36
24
22
32
34
24
68
118
78
88
154
20
42
60
34
58
82
4
46
24
52
36
40
28
70
42
26
56
34
22
2
52
16
34
34
32
10
66
124
64
20
38
52
22
2
72
30
30
18
14
82
28
40
16
14
78
12
116
36
46
56
18
2
40
32
8
6
62
104
28
98
32
44
68
58
28
86
16
82
50
98
62
78
44
16
46
28
10
6
34
62
16
36
26
50
160
46
32
98
14
4
18
14
56
36
52
12
12
30
54
24
8
4
12
22
90
14
16
32
18
64
94
24
24
34
58
6
48
48
94
98
164
100
58
22
24
16
14
22
16
20
28
34
16
6
4
2
24
8
8
24
34
98
58
4
4
46
6
38
2
88
102
24
34
4
60
4
4
6
4
6
28
16
74
6
64
2
32
2
14
74
4
6
2
6
26
2
18
2
6
14
6
6
10
54
50
12
16
50
28
32
10
12
142
160
24
32
38
94
62
40
38
58
64
12
38
56
70
12
26
20
84
12
14
42
34
98
68
48
24
6
76
30
46
102
24
48
18
62
42
14
74
36
6
44
38
22
4
64
64
76
8
30
12
34
30
84
22
60
34
28
42
40
26
72
42
24
62
48
46
56
44
124
42
32
68
18
12
12
24
28
24
22
24
20
6
34
18
2
22
20
20
6
44
50
100
16
20
8
14
10
24
30
52
74
12
14
28
20
14
46
24
26
58
38
40
28
58
18
104
50
8
98
60
52
12
42
28
8
8
18
30
74
10
78
90
58
32
52
26
16
2
4
2
6
116
110
106
56
28
26
112
64
66
18
6
68
50
2
4
88
8
28
14
22
54
24
18
12
14
88
76
10
26
38
50
44
28
38
40
22
94
52
22
14
20
14
16
16
20
26
36
34
12
60
14
10
56
24
44
46
34
22
64
12
84
24
22
30
4
26
20
12
20
24
36
2
6
34
22
6
8
32
78
74
82
70
62
72
26
4
10
44
118
26
72
112
112
50
4
108
16
40
26
4
84
58
50
22
86
68
60
46
42
40
76
48
46
86
2
50
18
2
10
20
48
14
16
34
12
26
42
20
48
38
38
24
24
24
138
20
18
28
24
18
54
16
22
32
20
34
20
42
2
90
8
20
102
50
20
4
4
32
52
20
68
32
70
42
16
90
12
48
36
34
72
18
28
24
132
112
44
14
34
32
2
8
76
10
14
38
32
6
4
10
132
66
2
32
52
4
22
12
34
4
52
10
20
14
6
32
22
58
20
92
78
78
6
98
68
46
44
60
56
42
52
52
46
50
24
130
42
44
8
20
14
54
12
64
114
134
36
90
70
86
96
14
18
14
20
4
30
46
42
68
30
54
32
38
192
42
110
4
12
24
12
20
26
14
2
22
20
74
4
26
22
30
6
86
4
26
100
20
20
4
6
4
20
64
56
86
68
114
110
124
110
36
20
72
70
68
34
62
70
32
30
64
24
14
40
16
18
18
18
24
24
22
24
26
20
4
26
8
30
14
42
52
40
68
10
10
42
14
44
36
26
32
48
18
46
54
28
14
22
2
46
48
92
76
18
68
70
68
66
68
70
66
66
66
66
72
70
76
74
26
78
68
38
66
68
72
68
66
68
68
70
60
66
68
66
16
78
72
76
66
66
24
76
24
84
88
70
44
74
66
68
66
66
66
68
36
28
22
2
34
44
36
36
50
44
70
42
24
20
16
42
28
82
12
14
50
10
34
16
12
16
12
32
34
64
24
8
16
26
8
24
12
22
46
34
60
20
22
34
30
10
44
16
16
44
34
30
62
14
18
48
40
56
46
26
14
42
6
30
50
122
30
58
32
40
14
22
46
18
62
14
12
4
40
14
24
6
20
8
2
10
42
14
54
20
142
28
30
52
6
46
18
98
12
30
16
10
58
42
2
18
78
20
40
4
38
26
6
18
22
26
34
34
48
56
40
118
20
2
28
38
10
40
36
52
26
18
14
34
46
22
30
2
34
22
54
42
42
22
26
4
38
26
16
2
16
2
60
18
20
6
58
42
70
12
44
38
8
30
16
20
32
34
22
10
26
26
44
10
28
14
44
48
50
18
20
10
78
66
8
48
28
8
2
22
72
48
16
16
28
16
2
24
36
12
14
32
16
12
12
20
16
12
122
14
8
20
122
6
4
2
2
8
22
50
18
14
12
6
20
14
14
18
18
22
14
14
88
66
122
34
24
48
46
98
76
38
4
20
28
22
26
12
30
82
22
20
28
20
22
78
54
30
28
32
8
16
30
8
4
58
62
60
60
64
20
56
40
48
2
4
6
48
34
38
10
16
82
2
68
74
2
2
2
22
14
6
92
50
16
58
24
60
32
26
10
20
32
10
60
14
18
16
38
22
16
54
6
34
50
16
34
18
32
24
8
34
52
32
40
12
42
26
96
18
28
8
24
40
8
8
12
14
18
42
8
4
4
4
16
70
40
58
14
36
38
16
62
30
100
14
66
46
28
26
82
80
12
30
44
50
22
26
54
106
54
16
10
6
12
42
46
66
6
32
20
10
36
54
56
68
92
20
14
14
26
30
32
18
18
40
48
24
12
100
16
54
38
8
24
12
18
72
6
48
56
28
42
10
6
26
4
14
18
6
24
18
4
6
18
4
4
16
6
6
14
4
8
8
22
10
30
46
12
24
26
30
4
6
12
32
18
56
8
8
54
42
48
68
30
40
28
28
20
38
70
2
70
34
36
68
54
46
46
16
12
10
38
46
38
6
20
24
26
24
12
28
86
36
8
30
12
22
34
12
40
30
8
36
10
8
6
4
30
8
24
52
30
44
50
46
172
18
4
44
68
20
32
20
12
26
6
2
38
12
20
10
22
52
16
2
38
16
22
44
56
16
28
22
18
50
18
32
46
22
32
32
30
36
6
30
42
2
10
8
8
16
28
38
16
72
30
38
26
20
34
22
58
60
20
26
14
20
10
8
84
8
80
12
38
20
54
20
72
34
22
10
44
14
12
14
8
18
12
8
10
8
22
8
12
10
10
8
10
8
32
14
4
32
6
34
28
60
18
74
28
16
16
10
24
6
10
16
30
26
20
38
22
34
28
58
38
18
40
74
18
48
6
38
12
32
4
46
82
12
2
78
18
32
6
28
40
80
56
24
20
28
20
48
6
52
26
6
2
8
22
58
10
10
38
16
20
6
34
46
4
6
6
56
30
16
16
42
8
22
4
8
16
20
24
14
52
22
40
10
10
108
22
48
30
62
14
42
62
12
26
20
6
14
36
72
36
18
16
4
34
60
20
50
44
4
26
10
16
40
24
2
16
4
40
36
10
6
4
38
10
6
10
20
120
8
10
6
6
6
36
4
4
12
12
10
12
6
4
22
4
16
4
6
10
6
6
6
38
6
12
18
20
4
6
8
4
4
14
22
26
8
8
8
8
4
6
18
28
32
10
8
8
4
26
6
8
8
4
8
12
18
8
24
10
10
14
8
32
4
24
4
14
8
8
8
6
4
6
4
10
6
14
6
8
14
10
36
12
10
12
6
10
16
4
8
14
12
24
4
28
8
4
6
4
12
12
10
8
4
4
8
4
14
6
4
36
4
6
4
6
6
6
6
6
8
4
10
4
6
6
4
4
8
4
6
8
6
4
14
6
4
4
4
6
4
6
14
4
4
10
8
18
6
4
10
4
38
6
6
4
4
4
60
16
4
6
8
10
22
4
4
14
8
8
16
10
10
4
22
44
4
32
8
4
4
14
8
4
8
10
6
20
26
2
12
42
10
4
22
4
10
10
6
4
20
6
4
10
8
10
10
6
4
12
12
4
6
14
12
14
4
4
8
4
6
6
8
4
4
4
10
18
12
6
24
108
12
46
28
34
24
4
6
2
2
16
30
32
80
48
30
56
36
58
72
32
62
12
28
22
32
22
40
18
6
2
26
8
44
10
4
10
12
28
16
4
20
40
14
2
4
46
26
30
2
52
68
12
36
36
24
32
10
54
2
22
6
12
14
16
18
12
34
34
8
20
34
16
40
14
12
14
34
12
8
8
2
2
46
14
60
20
30
6
8
32
36
14
20
16
22
22
12
14
6
46
12
40
14
46
26
22
20
24
16
18
4
14
12
42
38
40
4
10
56
74
32
32
32
38
8
34
24
22
12
20
36
52
4
22
4
4
8
14
38
10
20
32
36
56
16
26
70
16
10
6
20
14
12
20
36
12
38
26
8
66
48
12
6
2
14
4
44
28
12
18
16
10
26
68
10
2
8
10
6
26
10
46
12
8
20
32
40
18
12
4
2
2
22
22
18
22
28
18
28
20
8
4
28
36
16
18
10
8
30
40
40
32
24
16
8
22
38
4
38
38
62
2
22
8
2
18
12
14
2
22
40
44
10
26
20
10
18
8
48
8
36
18
62
18
4
18
40
20
22
12
14
18
8
14
6
36
14
82
84
10
38
20
12
16
14
38
46
20
46
32
32
16
8
8
24
30
30
18
18
12
32
30
8
18
10
66
26
48
14
16
10
2
14
22
6
16
2
28
10
8
24
22
16
40
30
24
18
16
10
14
32
8
2
18
26
14
8
14
14
2
22
28
8
10
4
24
20
28
26
22
58
64
54
24
58
58
54
58
56
54
76
4
26
34
2
16
18
38
22
2
14
6
2
4
30
14
28
38
18
46
8
18
2
24
32
52
2
10
6
8
14
10
14
44
2
10
6
2
24
14
18
12
18
36
6
26
4
6
16
20
22
20
24
6
50
30
14
12
8
4
18
74
90
44
18
8
54
24
30
4
4
14
18
18
2
18
4
20
8
24
6
78
18
12
6
18
4
8
18
8
18
22
44
56
44
70
24
10
6
6
40
10
28
22
20
54
2
22
22
16
10
30
40
32
8
34
4
30
22
26
24
62
6
8
52
10
2
14
20
12
4
22
6
12
4
32
12
12
36
8
2
18
28
54
2
26
4
6
2
14
24
38
8
14
22
88
2
24
40
2
50
18
42
28
14
10
6
50
24
4
12
32
2
36
34
10
22
2
2
24
12
4
2
2
10
6
38
28
4
14
12
14
22
40
14
10
12
12
14
4
6
6
28
40
36
18
4
4
6
36
10
22
20
20
18
18
14
24
30
4
4
4
38
26
44
30
20
28
28
38
42
48
48
40
38
40
14
26
10
20
12
12
10
10
24
10
16
2
12
12
6
12
8
12
8
20
12
12
8
16
18
18
42
12
6
20
18
38
18
28
8
44
10
30
58
22
22
12
28
18
18
14
2
10
8
12
12
18
10
22
20
16
16
32
22
8
16
12
6
16
20
2
36
18
12
12
12
26
4
20
12
20
6
14
16
28
18
30
12
6
28
28
30
32
36
30
34
32
12
18
2
8
16
18
42
24
20
18
10
24
10
4
10
10
10
10
10
10
10
12
12
10
10
10
10
12
10
12
10
16
14
12
14
2
2
16
4
4
14
10
14
18
24
20
16
12
4
4
24
10
18
10
22
14
10
12
36
16
46
12
4
10
16
2
6
6
28
54
6
4
16
8
20
64
12
2
12
8
2
12
12
56
10
6
18
8
12
6
18
14
26
12
12
10
20
20
2
18
20
2
6
20
18
20
6
18
26
18
12
2
24
16
10
8
14
2
16
26
8
18
14
36
6
14
14
14
20
22
22
14
40
28
8
22
16
6
4
12
10
14
14
6
16
20
10
10
6
12
32
6
10
10
8
22
32
22
24
28
28
20
24
26
28
26
22
28
26
30
36
38
30
24
30
32
30
24
28
20
24
24
40
14
14
12
26
10
14
8
8
8
16
12
34
24
6
12
16
14
6
16
10
10
14
4
16
16
2
14
22
16
12
2
6
6
8
26
16
16
4
8
10
10
22
40
6
4
12
12
10
16
20
8
2
2
4
4
8
6
2
6
28
52
8
14
18
30
42
4
12
10
8
2
10
12
22
12
30
18
20
24
12
20
8
14
4
2
8
14
2
4
6
8
10
8
6
14
4
8
2
16
64
20
8
2
38
40
44
2
56
14
2
6
18
2
6
2
6
4
4
10
4
12
24
26
38
34
6
16
4
18
34
34
38
18
8
12
16
16
22
22
10
2
8
8
14
2
8
10
6
6
28
22
8
4
10
12
10
4
14
12
18
18
30
12
16
8
14
16
16
18
26
18
14
14
8
10
2
16
16
22
18
8
8
14
4
12
18
20
6
12
4
24
12
18
6
8
6
14
16
8
12
2
10
24
6
2
14
16
28
6
2
4
14
10
2
6
24
20
12
18
14
6
10
14
22
4
4
4
4
4
4
6
24
2
4
2
6
16
18
10
14
10
14
14
8
6
8
4
6
4
12
10
6
18
4
26
12
22
14
10
10
4
20
36
22
10
8
4
4
12
8
6
10
4
6
4
4
28
6
8
10
10
16
12
8
6
2
56
14
6
10
6
2
14
2
2
4
6
2
10
22
16
20
12
8
22
12
20
4
30
40
4
2
8
8
4
12
2
2
4
2
4
10
6
14
12
28
10
10
10
8
12
16
12
8
14
4
4
2
20
8
4
8
20
14
6
8
6
8
14
18
2
10
32
24
4
10
2
14
16
10
52
8
4
44
10
30
24
32
22
24
32
34
34
42
18
6
10
12
8
2
8
6
16
6
20
6
4
2
8
14
12
4
4
34
32
32
22
14
22
12
6
14
6
6
8
6
8
28
16
4
8
4
20
12
2
8
18
8
18
4
8
24
8
8
6
4
2
16
2
12
8
14
24
16
4
8
18
12
16
34
14
4
14
12
4
6
14
12
4
10
4
4
8
8
2
8
2
6
22
2
8
2
2
2
18
4
2
6
14
2
12
18
4
10
20
20
10
4
18
2
2
2
12
2
4
14
4
4
14
10
16
4
6
22
6
8
10
18
4
8
6
20
2
12
2
4
4
8
12
2
12
10
2
2
14
6
28
8
6
32
2
6
8
2
4
2
6
12
2
4
2
6
2
2
24
6
2
4
6
6
2
10
4
6
10
4
18
18
4
8
2
14
16
4
2
10
10
4
6
10
14
2
6
6
18
12
2
4
4
6
6
12
2
4
10
16
6
8
2
12
20
4
16
8
4
10
10
20
8
4
4
10
10
12
4
2
12
14
4
18
8
8
8
2
4
4
2
6
6
6
12
6
4
4
8
2
10
2
6
10
10
4
4
2
12
8
10
10
4
4
12
12
4
6
18
2
16
2
14
12
2
2
2
16
20
10
8
2
4
6
8
10
4
10
8
6
4
14
8
6
6
2
16
4
2
2
4
30
16
16
2
14
2
4
24
10
2
2
4
2
8
6
4
34
4
12
8
10
10
4
8
8
2
2
6
4
10
8
8
2
10
10
8
4
4
12
12
8
2
2
8
8
14
14
16
12
6
4
4
6
14
6
8
2
2
6
2
2
4
4
6
14
4
14
12
6
4
2
12
2
2
4
2
4
8
6
4
6
8
2
6
4
8
8
4
2
2
4
2
4
12
16
4
10
10
8
12
2
4
2
12
10
2
8
22
10
8
4
4
4
8
8
4
2
22
16
12
4
12
2
10
16
6
6
6
6
4
4
4
6
6
2
2
20
2
2
12
2
2
4
2
6
6
4
2
18
8
6
4
8
14
8
8
2
10
14
10
6
10
10
2
10
16
4
2
10
4
8
2
2
8
10
2
22
8
8
8
4
6
4
20
8
4
2
8
4
2
2
2
12
4
24
2
10
2
2
2
6
8
2
6
4
6
2
2
8
2
6
4
6
20
4
2
2
14
4
4
2
2
2
2
4
2
2
8
4
2
8
2
8
4
2
2
6
10
4
6
4
2
4
2
2
4
10
8
2
10
8
2
6
2
2
2
4
4
8
2
4
2
12
2
2
12
2
2
2
2
10
4
6
2
2
2
4
2
2
14
2
2
4
8
6
2
2
2
14
4
6
4
8
2
2
2
14
6
8
2
2
2
2
14
2
2
12
8
6
4
10
8
10
4
8
8
6
4
6
20
2
6
2
2
6
16
10
2
2
2
16
2
2
6
6
6
10
6
6
6
6
6
2
20
2
2
12
2
12
2
2
4
2
2
4
14
2
2
10
4
2
2
6
2
2
2
6
2
2
8
2
2
6
2
2
2
2
4
2
6
2
6
2
2
4
14
12
4
4
4
4
6
8
8
6
6
2
2
6
2
2
4
6
8
4
4
6
2
4
4
2
2
2
2
2
2
2
2
6
2
2
2
2
2
2
4
4
8
2
10
4
2
4
4
2
6
2
4
6
4
6
2
2
2
4
4
12
6
2
4
4
2
2
2
4
2
14
2
2
2
2
2
6
2
2
6
2
4
6
4
2
10
2
6
4
4
2
4
2
4
4
2
2
4
2
2
2
6
2
2
2
4
4
2
8
4
2
4
2
2
6
4
6
2
2
4
10
6
2
10
2
4
6
4
2
6
6
24
10
2
6
2
2
2
6
4
4
16
2
6
4
4
2
2
2
2
4
4
4
4
6
8
4
2
2
2
2
8
4
4
2
2
2
2
2
4
2
2
2
4
2
2
2
2
2
2
2
2
2
2
2
4
4
2
2
2
6
4
2
2
4
4
2
2
2
2
4
2
2
2
2
6
2
2
2
2
2
2
2
2
2
4
2
2
2
2
2
4
2
4
4
2
2
2
2
4
2
2
2
4
2
2
2
2
2
2
2
2
2
2
4
2
2
2
2
4
2
2
2
